1 0.0332031 0.788086 0.0664062 0.115234
1 0.185547 0.81543 0.214844 0.152344
1 0.901855 0.679199 0.133789 0.100586
1 0.976074 0.299316 0.0458984 0.0771484
1 0.772461 0.380859 0.128906 0.0859375
1 0.449707 0.503418 0.147461 0.102539
1 0.938477 0.436035 0.119141 0.0908203
1 0.565918 0.308594 0.108398 0.0722656
1 0.677734 0.253418 0.121094 0.0751953
1 0.915039 0.247559 0.09375 0.0654297
1 0.49707 0.751465 0.167969 0.118164
1 0.866699 0.402344 0.106445 0.0800781
1 0.960938 0.179199 0.078125 0.0810547
1 0.328613 0.737305 0.0927734 0.078125
1 0.705078 0.316895 0.132812 0.112305
1 0.705078 0.316895 0.132812 0.112305
1 0.658203 0.466309 0.125 0.0888672
1 0.958008 0.0566406 0.0839844 0.0722656
1 0.560059 0.41748 0.125977 0.0849609
1 0.870117 0.105957 0.09375 0.0654297
1 0.870117 0.105957 0.09375 0.0654297
1 0.485352 0.60791 0.148438 0.0966797
1 0.485352 0.60791 0.148438 0.0966797
