1 0.69875 0.569042 0.1375 0.175947
1 0.3475 0.517817 0.09 0.0734967
1 0.93375 0.623608 0.1325 0.244989
1 0.870625 0.513363 0.12875 0.100223
1 0.3 0.454343 0.065 0.0623608
1 0.213125 0.551225 0.09125 0.0734967
1 0.50125 0.542316 0.0975 0.104677
1 0.42 0.530067 0.0775 0.0801782
1 0.28375 0.534521 0.08 0.0801782
1 0.595 0.528953 0.1 0.126949
1 0.08625 0.540089 0.1725 0.443207
1 0.458125 0.449889 0.09875 0.0890869
1 0.465625 0.611359 0.15125 0.193764
1 0.34 0.636971 0.165 0.200445
1 0.23625 0.73608 0.265 0.314031
1 0.811875 0.772829 0.37625 0.432071
